700    119725.3850658158    6.731788602564103    9.278723506410232    7.604942833333349    6.040493679487174    6.239574711538462    0.6916962307692317    0.3764307499999981    
705    119744.92754802629    7.025319461538464    9.257016910256407    7.0185002564102446    6.0301682884615415    6.350029628205128    1.1598747435897427    0.4346673421052578    
710    119577.04908697373    6.712406749999994    8.26717460897435    6.912248647435896    7.59619144871795    6.380667692307696    1.0754100320512823    0.17571484210526045    
715    119683.60714122368    7.452473987179476    10.177888429487181    6.354248814102558    5.634512032051293    7.297058435897432    1.0204302051282035    0.2781446578947382    
720    119494.27912440791    7.150520179487181    8.523946185897449    6.771577032051279    6.576104346153854    6.932065333333334    1.2631145769230736    0.4176600000000014    
725    120099.90930149997    7.035964250000009    7.85512054487179    6.164954403846152    6.665117435897438    6.871242506410264    1.1585424294871853    0.6438394078947396    
730    119917.1395115263    8.009191615384617    9.244708974358975    6.936502371794879    6.79039850641025    6.392739365384611    1.0612600705128212    0.49102132894736905    
735    120224.8506533158    6.45029192948717    7.682184384615391    6.441211826923083    7.676280083333341    7.997728705128209    0.9665102243589714    0.3819056710526309    
740    120651.40382822369    6.0982531538461515    8.038803179487182    5.866333397435898    6.000882833333325    7.447523429487181    0.8827126923076858    -0.0263287631578963    
745    118926.93012494742    6.883698698717943    9.041831717948714    5.993768275641023    7.533827788461536    6.7822968076923145    0.9223894423076924    0.24720963157895018    
750    119612.90743497368    7.207022423076921    9.7757306602564    5.439148679487181    6.53902781410256    6.830183089743582    1.0704893397435908    0.634723934210529    
755    119072.5171520132    7.407264442307682    8.281105769230779    5.887580423076921    6.348743230769234    5.6975664615384565    0.7888495448717932    0.5045335131578931    
760    120007.97204436836    8.13160498717948    7.891108788461524    6.657095160256415    7.2889610705128245    5.79125208974359    1.370298756410253    0.3914378289473698    
765    119203.95250298687    6.966234519230774    7.81799672435898    6.143577916666663    6.412051865384613    7.229425294871791    0.6950133461538439    0.44154515789473586    
770    119206.11254088157    7.881925615384612    8.459998782051288    6.591029769230771    6.449143205128202    6.152618589743588    0.8650363910256387    0.5335553026315848    
775    119255.92290380265    7.981865737179476    8.918595102564112    5.849993910256405    5.950780134615378    6.670971019230755    1.783342814102562    0.07204167105263606    
780    119846.5941087632    6.892704044871797    8.97847874999999    6.645904243589743    6.609946423076905    5.5214472756410125    1.24381257051282    0.4127005921052686    
785    119121.22319407895    6.601376096153834    8.750163211538444    6.596201275641029    7.01624276282052    6.048726217948711    1.0580305769230771    0.1335632500000023    
790    120465.54028394737    7.402290179487178    8.952260307692312    6.252067378205127    6.26615383974359    6.389852948717934    0.6896037435897404    0.18242538157894747    
795    120134.31875564475    8.297766525641029    9.442305814102564    6.985897833333339    6.84812636538462    7.4560749551282095    1.3105464871794856    0.5369779342105191    
800    119547.46689417103    7.482581089743589    8.320842903846158    6.610617967948718    6.249097160256408    7.678062096153849    1.3100976025641    0.9143482236842133    
805    120700.2681563552    6.682623224358971    7.446882230769229    7.010877596153843    6.190553666666663    6.095784391025642    0.7329030192307687    0.08295093421052557    
810    119358.89511763159    5.634198878205119    9.37517755128205    5.455053256410255    5.791686339743592    6.679658974358973    0.6484981025641064    0.1078333815789453    
815    118910.18420827633    7.118513121794869    9.531548506410244    7.934228211538457    6.328087641025637    7.533017352564113    1.3733696474359027    0.307877513157891    
820    119957.76007240787    7.596785967948702    7.143860384615377    4.9311874871794865    7.566517025641017    5.155667935897438    1.2506758589743643    0.546030473684208    
825    118908.11698621055    7.5324602756410215    10.496960480769232    7.115832871794874    7.196388096153869    6.749994275641028    1.253361301282053    0.14747924999999681    
830    119903.9901355658    7.1587142692307735    8.130332403846152    6.417863999999997    6.196682948717952    7.015225948717958    1.495561115384617    0.2627113947368429    
835    119653.76661040793    8.751844102564101    9.492958455128203    6.711256698717945    6.3416040320512925    6.705224801282054    1.0187231153846183    0.059553789473687065    
840    119199.81164334214    7.985365532051283    8.860120044871797    6.4237459230769245    6.851725493589745    6.828089717948721    0.8712426987179414    0.22642950000000134    
845    119532.48861161839    6.722020621794868    9.144534198717949    6.834371961538457    6.172850884615388    6.32318134615384    0.633104051282051    0.3189253289473691    
850    119311.03001448681    8.115685076923073    9.903414384615372    6.8157135961538415    6.370650282051283    7.229925980769236    1.2608725384615342    0.2921327368421059    
855    120402.31244939468    6.784430653846157    9.808500955128201    7.252250128205134    6.517787096153844    6.417594743589745    0.7438267243589766    0.3119644605263134    
860    119707.33092156574    6.67404244871794    8.046147532051277    6.768489096153844    7.075215987179487    6.774889916666669    0.923841903846154    0.48562572368421475    
865    120487.50488211846    6.289169743589742    7.93788803205128    5.228929179487185    6.4812422820512765    6.1681972307692305    1.1488733205128259    0.2528798947368374    
870    120851.4035737368    8.067753371794874    8.42612375641026    6.890743711538465    7.303293038461533    6.71938767948717    0.9896620064102568    0.08957617105263742    
875    118766.02307384215    7.386574089743597    8.119889833333332    5.550848955128195    6.539924865384612    7.005091256410256    0.7685156923076869    0.11837561842105263    
880    119678.64919560528    8.22644186538464    8.917814141025646    6.442155846153851    5.920902621794869    7.592722737179493    0.9426808653846126    0.23431846052631577    
885    120344.4938618158    7.263424897435896    10.34159342307693    6.381394288461535    6.900711519230767    7.582368115384608    1.6755496474358957    0.5313584078947392    
890    119783.57765247367    7.024799147435903    8.03532712179487    5.98264728205129    6.8834404166666605    6.318005153846155    1.340813525641025    0.568489618421053    
895    118583.77173190785    7.845203916666667    8.919777057692304    6.509644923076926    7.167807057692309    6.327604211538462    1.1269553141025603    0.7770959210526306    
900    119550.25501917109    8.241126583333335    8.721597551282052    6.500576871794867    6.362915564102557    6.972527583333324    1.0378888461538534    0.5652358684210566    
905    119307.75502567104    8.018999089743591    8.85189050641026    5.76038419871795    6.415016538461527    7.260880064102568    1.2626857435897465    0.9153175526315839    
910    120818.19950828946    7.421628423076928    8.77806355128206    6.43894425    6.469893801282062    6.0454976089743555    1.3720035576923104    0.37335528947368846    
915    120433.1534280263    6.456481153846144    8.419980326923076    6.792117211538465    5.374868070512823    22.205652121794866    0.9289068205128279    0.2327243947368458    
920    119487.748657671    7.5862814615384595    8.05453607051282    6.234433762820521    6.897264692307697    325.4351384423078    0.9691626923076886    0.6035455263157933    
925    119743.04495718425    6.385682243589744    8.616204467948716    6.1907356089743555    6.793659012820521    362.53961583333336    1.0133415833333357    0.734533973684217    
930    119982.52768302627    7.209805935897432    9.64911183974359    6.5858148974358945    5.861505358974356    376.3949146410257    0.766738320512824    0.520752368421053    
935    118673.03164167108    6.966592692307695    8.1941102948718    5.787198756410259    5.834076903846144    380.6395338269231    0.8736403846153833    0.3222481184210504    
940    119501.32830035526    7.165861365384617    9.517197743589746    6.602807615384619    7.000831346153847    387.22286763461557    1.0843992435897365    0.0863349868421052    
945    119630.41700368423    6.9471494294871725    8.41147058974359    6.7938537628205165    6.600073326923069    396.65652709615387    0.9046162756410321    0.15577944736841856    
950    119345.61889676319    7.288601487179481    8.723301032051292    6.014043057692306    6.499502929487187    394.5731393717949    0.5516925256410198    0.2496284078947364    
955    120126.34305202628    8.126073121794867    8.394531987179487    7.010913666666665    5.927085641025631    424.77475810897454    1.4272186858974325    0.5893307894736874    
960    119832.78446388163    6.8778958782051385    9.874160397435903    6.301897974358979    6.200231839743589    424.76531111538446    0.9801427564102564    0.4953200263157902    
965    119953.12530097374    7.940598371794876    9.669309698717946    7.283182801282047    7.544748160256408    433.9262961666669    1.2236551858974352    0.5099574473684236    
970    119340.26924119733    7.127313128205117    7.989208429487183    5.0948417500000005    6.210848442307687    451.78112674358977    0.5382321858974403    0.6947501578947416    
975    119676.243190079    7.163464980769235    8.01764560256411    5.947226275641028    7.277680262820504    454.97626123076935    1.1255700641025705    0.7038130921052657    
980    119799.8107000526    7.870304320512816    9.265014089743591    6.170491666666668    6.8125336346153835    441.6341914615385    1.2121168782051321    0.4839004210526315    
985    119441.04323185529    7.403944480769223    8.36177858974359    6.603077583333327    286.1210656025641    8.815544750000008    0.6172234551282039    0.5055073289473675    
990    119545.2135561447    8.826256025641023    9.721195333333325    7.040265391025651    497.65723629487167    7.071022833333338    0.7977422948718024    0.27876310526315967    
995    119729.76601490792    8.507138487179484    8.889465096153849    6.199335974358977    549.0076505256409    7.41825257051281    0.626143749999999    0.769980815789469    
1000    119707.89507646055    8.036685256410255    9.136805378205135    6.4531602884615475    550.5390924487175    6.7603598012820525    1.0107839615384635    0.7859761710526262    
1005    119561.42548003944    7.117813070512827    10.015363442307697    6.364973282051288    590.102617653846    7.92467137820513    0.8499449871794938    0.24394800000000139    
1010    120235.66640259215    7.514428378205123    9.161149903846152    5.544713044871798    609.1412684230771    6.791446679487183    0.9781750128205098    0.5216793552631573    
1015    120494.94489932891    6.957759198717947    8.783544384615382    5.9340328012820525    624.9009326730769    6.047436173076923    0.8034127500000069    0.447472618421053    
1020    119996.30587805262    6.8192113525640945    8.407096224358979    5.742232153846154    645.8859302756409    6.519314532051274    0.9319495384615402    0.7572381184210528    
1025    120126.4220547632    6.003635384615382    7.490488089743594    707.3191095576922    8.49434973076923    6.744096615384613    0.6141531410256386    0.33446075000000275    
1030    119675.62586914476    7.704817346153841    8.563981416666667    729.6971568333331    6.338372339743591    6.107397794871805    0.6657983589743616    0.3836667105263148    
1035    120619.43695422368    7.151735205128209    9.23090789743589    755.4179921987181    7.479129211538479    6.663409166666668    1.065720326923079    0.354874078947369    
1040    119386.31697318425    7.7286383589743535    8.629037057692294    731.3149061666663    5.866006544871787    6.2288076282051374    1.0188375256410256    0.46833390789473844    
1045    119280.8468714605    7.361637423076927    694.921572301282    6.395415217948713    6.520917692307688    6.724551333333328    1.1577728846153859    0.5202505921052657    
1050    119682.30611460522    6.989624532051281    656.1841451666667    6.028758564102564    6.145932448717961    7.29469130128205    0.5393985833333336    0.4655085263157892    
1055    120047.73292901316    751.9892750256411    7.734638525641029    6.085048410256418    7.3104903076923    6.47486535897435    0.7201070128205171    0.2413592236842111    
